2 0.5578809306569342 0.267639902676399 0.012545620437956135 0.02162746688294135
2 0.5418187347931872 0.2561503108948364 0.009694343065693426 0.02027575020275747
2 0.6513077858880777 0.22489186266558525 0.0104546836982968 0.017910246012435783
2 0.64066301703163 0.28048121113814545 0.01159519464720198 0.022303325223033237
2 0.5970384732360097 0.24685725871857256 0.00646289537712903 0.012503379291700445
0 0.5793605535279804 0.210867802108678 0.03193430656934311 0.05339280886726143
0 0.5478064172749392 0.24871586915382535 0.046380778588807736 0.07164098404974316
0 0.5927615571776155 0.26189510678561767 0.037446776155717745 0.057447958907812915
0 0.6290678223844282 0.2384090294674236 0.0351657542579075 0.05643417139767503
0 0.6441795924574208 0.19988510408218438 0.03041362530413624 0.05778588807785889
2 0.65292350973236 0.20478507704785076 0.008363746958637463 0.014193025141930243
0 0.6513077858880777 0.1606853203568532 0.02566149635036498 0.04224114625574479
