2 0.5641904239766082 0.33999350227420405 0.029696637426900572 0.05279402209226773
2 0.7074195906432749 0.32943469785575047 0.027412280701754454 0.046296296296296294
2 0.6875456871345028 0.5751299545159193 0.026041666666666668 0.03411306042884992
2 0.9488760964912281 0.6133040935672514 0.019645467836257424 0.03573749187784282
2 0.77046783625731 0.3830409356725147 0.008223684210526253 0.0219298245614035
1 0.7300347222222221 0.2863872644574399 0.06624634502923984 0.148635477582846
1 0.5166758040935673 0.3416179337231969 0.12563961988304087 0.22660818713450295
0 0.592516447368421 0.32496751137102015 0.03517909356725148 0.09909031838856398
0 0.5945723684210527 0.5012183235867446 0.19462719298245618 0.2842755035737491
1 0.6971399853801169 0.4630441845354126 0.12289839181286541 0.22417153996101355
0 0.8248355263157895 0.3168453541260559 0.11147660818713459 0.16244314489928527
1 0.9413377192982456 0.47644574398960365 0.11421783625730993 0.18924626380766726
0 0.9824561403508771 0.4480181936322287 0.0338084795321637 0.13564002599090313
