0 0.5813767705799556 0.16924008477141994 0.03253101618261797 0.05298213745080231
2 0.5826379427792915 0.1880361287718236 0.008373069936421373 0.01488545766474924
2 0.45328110808356037 0.24505500050459178 0.007095821980018198 0.01236249873852052
2 0.4696724568574024 0.23950449086688871 0.007521571298819296 0.010848723382783337
0 0.4445532470481381 0.23016954283984256 0.014049727520435932 0.02699566051064687
0 0.4588868074477748 0.23963063881320013 0.01518505903723888 0.031284690685235664
0 0.4706658719346049 0.2266374003431224 0.017739554950045408 0.03254617014834996
0 0.49912011807447776 0.23054798667877688 0.030937783832879203 0.055505096377031
0 0.5050096503178928 0.2000201836714098 0.015752724795640324 0.03733979210818448
0 0.5292064032697548 0.19926329599354123 0.032924613987284225 0.061055606014734094
2 0.5372956403269754 0.1925774548390352 0.007095821980018139 0.013876274094257757
