2 0.5314061080835604 0.12092542133414068 0.010643732970027209 0.015894641235240696
2 0.5474426657584014 0.12016853365627206 0.007237738419618603 0.013876274094257745
2 0.5736972070844686 0.09191139368251085 0.007521571298819296 0.017408416590977895
2 0.5891660990009083 0.13845998587143 0.007805404178019989 0.014128569986880621
2 0.6301089918256132 0.050661015238671905 0.0068119891008174465 0.01261479463114341
0 0.6325925295186196 0.06491573317186394 0.020294050862851874 0.040115046927036026
0 0.6238646684831971 0.08345948127964475 0.025544959128065394 0.045917852457361984
0 0.6153496821071752 0.10717529518619437 0.02185513169845592 0.03935815924916743
0 0.571852293369664 0.10238167322635987 0.021145549500454188 0.04289030174588758
0 0.5756130790190735 0.1310172570390554 0.022706630336058117 0.04818851549096783
0 0.5402049273387829 0.12950348168331818 0.03874318801089925 0.0537390251286709
