0 0.5721753120422364 0.24978629218207465 0.07837762832641601 0.13164164225260416
0 0.7695572853088379 0.407735358344184 0.06952667236328125 0.13543701171875
0 0.8762945175170899 0.5081705729166667 0.08223152160644531 0.12566969129774305
2 0.7303684234619141 0.4711938646104601 0.016107463836669923 0.027091132269965276
0 0.738797664642334 0.2493819342719184 0.061005020141601564 0.10770331488715278
2 0.560097599029541 0.22101287841796874 0.017826271057128907 0.03128068712022569
2 0.7336896929824561 0.22019168291098115 0.018731725146198742 0.029239766081871333
0 0.799250730994152 0.30506822612085777 0.059393274853801144 0.1128979857050032
0 0.874406067251462 0.3550194931773879 0.05985014619883036 0.1120857699805068
0 0.9290883112094394 0.4278924942641756 0.06982853982300886 0.1257784333005571
