2 0.4650493421052631 0.23196881091617935 0.024214181286549716 0.051169590643274886
2 0.6962262426900584 0.2774528914879792 0.02786915204678356 0.046296296296296294
0 0.4645924707602339 0.2794834307992203 0.04066154970760234 0.1510721247563353
0 0.5210160818713451 0.2177550357374919 0.06578947368421056 0.1397011046133853
1 0.5278691520467836 0.33836907082521117 0.11604532163742683 0.23635477582846004
1 0.5715003654970761 0.14262508122157247 0.07355628654970753 0.20061728395061731
0 0.6500822368421052 0.14100064977257962 0.06533260233918128 0.24772579597141
0 0.7012518274853802 0.09267381416504224 0.10919225146198824 0.14944769330734242
1 0.7645285087719299 0.2774528914879792 0.16630116959064326 0.3192007797270955
0 0.9105582967836258 0.7212556855100715 0.17784173976608184 0.5537849252761534
1 0.5006304824561404 0.8902534113060429 0.19040570175438595 0.21764132553606252
