3 0.6011970029239766 0.21937946718648474 0.04523026315789475 0.08771929824561409
0 0.6270102339181285 0.2526803118908382 0.06853070175438596 0.09584145549057828
2 0.6493969298245614 0.29897660818713456 0.01736111111111107 0.027615334632878488
1 0.6777229532163742 0.26283300844704355 0.04751461988304098 0.09990253411306045
2 0.7042214912280701 0.2831384015594542 0.020102339181286646 0.03167641325536063
1 0.711531432748538 0.23278102664067576 0.03289473684210525 0.08203378817413906
0 0.7738943713450293 0.25349252761533464 0.055281432748538015 0.08284600389863546
2 0.7983369883040936 0.24861923326835605 0.018274853801169517 0.0341130604288499
1 0.8113578216374269 0.29532163742690054 0.046144005847953196 0.08853151397011046
2 0.8104440789473684 0.2807017543859649 0.020559210526315753 0.036549707602339165
0 0.8559027777777778 0.307504873294347 0.05391081871345023 0.0950292397660819
