0 0.08881578947368425 0.23521767381416506 0.1754385964912281 0.2525990903183885
2 0.37139071637426907 0.22019168291098118 0.0187317251461988 0.03736192332683564
2 0.07602339181286552 0.6149285250162443 0.017361111111111115 0.029239766081871333
2 0.6023391812865496 0.2096328784925276 0.025584795321637443 0.04873294346978554
2 0.7882858187134503 0.5101526965562052 0.02467105263157888 0.043859649122807
1 0.08904422514619886 0.46994801819363224 0.1402595029239766 0.2997076023391812
1 0.3432931286549708 0.2344054580896686 0.13888888888888887 0.25747238466536715
0 0.6018823099415206 0.2559291747888239 0.14163011695906427 0.2550357374918778
0 0.8013066520467835 0.5207115009746589 0.19691154970760227 0.26315789473684204
1 0.6370614035087719 0.5605100714749838 0.1461988304093566 0.3330084470435347
