2 0.7207935967302453 0.18412554243616916 0.013907811080835586 0.02472499747704107
0 0.6108083560399638 0.12950348168331818 0.03973660308810179 0.05878494298112829
2 0.6265610808356039 0.14905641336159048 0.011353315168029 0.01967907962458371
2 0.6237937102633969 0.23496316479967705 0.01092756584922796 0.013371682309011977
0 0.6258514986376021 0.17315067110707436 0.039452770208900985 0.05676657584014532
0 0.625 0.20292158643657282 0.04768392370572201 0.0673630033303058
0 0.7119947774750227 0.14918256130790192 0.04371026339691196 0.0602987183368655
0 0.7073824931880108 0.20733676455747302 0.04725817438692097 0.07215662529014029
2 0.7087306993642144 0.24164900595418304 0.011069482288828307 0.020688263195075166
0 0.7584014532243415 0.19711878090624685 0.04967075386012709 0.08502371581390657
