2 0.12810672514619886 0.4979694606887588 0.03380847953216371 0.043859649122807
2 0.3620248538011696 0.12800519818063677 0.02192982456140348 0.03979857050032487
2 0.6320358187134503 0.40415854450942174 0.03472222222222226 0.05279402209226768
0 0.1507218567251462 0.15521442495126705 0.07355628654970757 0.13482781026640675
0 0.039702119883040975 0.1905458089668616 0.06990131578947367 0.0706627680311891
0 0.05637792397660822 0.04272254710851203 0.053910818713450284 0.08040935672514618
1 0.11188779239766085 0.3196881091617934 0.13020833333333334 0.25584795321637427
1 0.3439784356725146 0.11988304093567252 0.13112207602339185 0.2347303443794672
0 0.5861202485380116 0.14100064977257962 0.13203581871345035 0.2444769330734243
1 0.6185581140350876 0.3899447693307342 0.13477704678362568 0.31838856400259896
0 0.7702394005847953 0.3651721897335932 0.17772295321637419 0.25747238466536704
2 0.808845029239766 0.29369720597790777 0.02467105263157888 0.04467186484730345
