2 0.24963450292397663 0.2067901234567901 0.024671052631578937 0.04142300194931773
2 0.32387609649122806 0.18567251461988304 0.017817982456140354 0.030051981806367756
2 0.296920687134503 0.5434535412605587 0.0187317251461988 0.030864197530864234
2 0.41959064327485385 0.33877517868745943 0.016447368421052624 0.025990903183885642
2 0.4616228070175438 0.4204028589993502 0.025584795321637384 0.04142300194931771
0 0.16282894736842107 0.15765107212475632 0.07858187134502921 0.1526965562053281
1 0.2158260233918129 0.25349252761533464 0.13888888888888892 0.2794022092267706
0 0.32638888888888895 0.39928525016244315 0.16721491228070176 0.28508771929824556
1 0.30674342105263164 0.17795646523716702 0.0621345029239766 0.1559454191033139
2 0.3638523391812865 0.22547108512020794 0.02192982456140348 0.034925276153346375
0 0.36887792397660824 0.1872969460688759 0.059393274853801144 0.13401559454191034
0 0.4305555555555556 0.28476283300844707 0.030153508771929852 0.05929174788823912
1 0.46527777777777773 0.3115659519168291 0.08040935672514618 0.14213775178687457
