0 0.5400876522064209 0.06489092508951823 0.07575626373291015 0.12927644517686632
0 0.3870368003845215 0.1701416015625 0.09372787475585938 0.15705939398871527
0 0.6402068614959717 0.1575567881266276 0.07619295120239258 0.14431881374782987
2 0.566530704498291 0.2512638515896267 0.0336573600769043 0.05235934787326389
2 0.38000624179840087 0.24279064602322048 0.02252674102783203 0.036087883843315974
0 0.28707807064056395 0.03083953857421875 0.08402562141418457 0.0616790771484375
0 0.6797788742690059 0.24455815464587397 0.07081505847953219 0.14619883040935672
0 0.6119334795321637 0.2993827160493827 0.10599415204678368 0.1681286549707602
0 0.41959064327485385 0.31115984405458086 0.10508040935672511 0.1754385964912281
2 0.6151315789473685 0.12394411955815464 0.016447368421052624 0.03005198180636777
