0 0.4158467305333991 0.30319129492726865 0.08662767159311394 0.1188907120117822
0 0.3585789680480957 0.39182298448350694 0.02608480453491211 0.06679551866319444
0 0.27235652508094305 0.3901627823778218 0.04593022469191528 0.07840873564583206
0 0.44997258771929827 0.24740090968161146 0.02786915204678362 0.057667316439246295
2 0.4296418128654971 0.29775828460038983 0.01736111111111107 0.03167641325536063
2 0.35334429824561403 0.3830409356725146 0.020102339181286528 0.03167641325536063
2 0.2745339912280702 0.3858836907082521 0.020559210526315753 0.03573749187784272
2 0.30788559941520466 0.41471734892787526 0.01233552631578944 0.020305393112410655
0 0.3129111842105264 0.33065302144249514 0.06259137426900588 0.07797270955165693
0 0.30034722222222227 0.4005035737491878 0.029239766081871347 0.05685510071474982
0 0.3364400584795322 0.38832033788174136 0.07218567251461987 0.10883690708252111
