2 0.9463633040935673 0.11054256010396363 0.013706140350877168 0.024366471734892797
2 0.4321978228228229 0.30099543988432875 0.015171421421421449 0.028083639194750275
2 0.5301864364364364 0.18671449227004783 0.010322822822822708 0.014736959181403627
2 0.5341747997997999 0.20242464686909128 0.01704829829829831 0.026137248359470587
0 0.514232982982983 0.17795573351128904 0.01501501501501501 0.04504504504504504
0 0.5253378378378378 0.20673451229006784 0.03534784784784779 0.07146034923812705
0 0.5171265015015014 0.255811366922478 0.04082207207207199 0.06450895339784227
0 0.4734891141141142 0.2848682015348682 0.04676551551551551 0.071460349238127
0 0.4450231481481482 0.2356523189856523 0.03550425425425422 0.06423089756423087
0 0.41827765265265265 0.27902902902902904 0.04301176176176179 0.0770214659103548
0 0.39512950450450457 0.2601212323434545 0.027371121121121136 0.04810365921477031
