0 0.3891574859619141 0.36111195882161456 0.06833896636962891 0.10472310384114583
0 0.5993695175438596 0.1470922677063028 0.06624634502923984 0.1055880441845354
2 0.6235682487487793 0.20821270412868922 0.012831687927246094 0.021240064832899305
0 0.4901259422302246 0.2725455813937717 0.03658084869384766 0.08848563300238715
0 0.3227572202682495 0.3644783867730035 0.027719449996948243 0.07801615397135417
0 0.43580957602339176 0.23278102664067574 0.02786915204678362 0.09990253411306045
0 0.4668768274853801 0.26323911630929175 0.0817799707602339 0.13157894736842105
2 0.47053179824561403 0.23602988953866147 0.021472953216374317 0.030051981806367783
0 0.3757309941520468 0.27542235217673816 0.06487573099415206 0.0958414554905783
0 0.30971308479532167 0.31928200129954515 0.05345394736842106 0.0893437296946069
2 0.3211348684210526 0.35461338531513975 0.01416301169590645 0.0219298245614035
2 0.3158808479532164 0.39278752436647174 0.014619883040935673 0.023554256010396346
0 0.28938230994152053 0.39035087719298245 0.0310672514619883 0.10315139701104611
