2 0.4994297445255474 0.19414030819140307 0.015396897810218965 0.026696404433630715
2 0.4952478710462287 0.2504055150040551 0.00931417274939174 0.016896458502297925
2 0.4420240267639902 0.24787104622871045 0.007033150851581501 0.013855095971884326
0 0.5029463199513382 0.16524736415247362 0.026992092457420944 0.06082725060827251
0 0.4641689476885645 0.18062314138956473 0.016727493917274926 0.04967558799675589
0 0.47947080291970795 0.21390916463909163 0.032504562043795635 0.06758583400919167
1 0.4820369525547445 0.1693025141930251 0.025851581508515763 0.05609624222762909
1 0.4423091545012165 0.18298864557988645 0.017107664233576615 0.03751013787510139
1 0.43670164233576636 0.21205055420383886 0.018818430656934323 0.0537307380373074
1 0.4527638381995133 0.2203298188699648 0.02623175182481751 0.06826169234928356
0 0.42235021289537705 0.21559881048932142 0.02395072992700727 0.0459583671262503
