0 0.5541948198198198 0.19867089311533756 0.028935185185185237 0.0536647758869981
2 0.7364309210526315 0.5588856400259908 0.015076754385964956 0.025990903183885642
2 0.5479385635635635 0.1874096318540763 0.015171421421421508 0.021132243354465594
2 0.5194725975975977 0.255394283172061 0.01485860860860863 0.02141029918807694
2 0.4829517017017017 0.27402402402402404 0.008133133133133146 0.016405294183071975
2 0.4577702702702703 0.29571237904571235 0.01470220220220219 0.025303080858636372
2 0.44345908408408413 0.317261706150595 0.011417667667667667 0.01835168501835169
0 0.5319851101101101 0.23412301190078966 0.03206331331331326 0.06895784673562451
0 0.5100882132132133 0.26637748859971083 0.027371121121121136 0.04671338004671342
0 0.4729416916916917 0.2506673340006673 0.02909159159159156 0.05811366922478032
0 0.4630098848848849 0.2997441886330775 0.040509259259259287 0.06284061839617394
0 0.42476851851851855 0.2876487598709821 0.037850350350350344 0.07479701924146369
