2 0.06917032163742694 0.4130929174788824 0.02741228070175438 0.03817413905133201
3 0.07876461988304097 0.27095516569200784 0.15442251461988302 0.2071150097465887
0 0.023026315789473725 0.11257309941520469 0.04294590643274853 0.14213775178687454
1 0.1655701754385965 0.16211825860948667 0.07218567251461988 0.1551332033788174
2 0.14820906432748543 0.21085120207927224 0.01096491228070177 0.020305393112410655
0 0.22838998538011698 0.19176413255360625 0.06259137426900588 0.14457439896036386
0 0.20303362573099418 0.37370045484080566 0.1845760233918129 0.3037686809616633
2 0.2388980263157895 0.39359974009096815 0.03335160818713447 0.046296296296296294
1 0.2505482456140351 0.29653996101364527 0.08040935672514624 0.1624431448992853
1 0.3266173245614035 0.2859811565951917 0.07995248538011696 0.09096816114359975
1 0.33849597953216376 0.3172514619883041 0.08269371345029235 0.14538661468486028
2 0.34786184210526316 0.3594866796621183 0.01736111111111107 0.03005198180636773
