0 0.5186891515994437 0.2062406634729305 0.02238351877607787 0.03979292226858291
2 0.5140530829856281 0.2279400401792613 0.006447032916087103 0.00978725596249935
2 0.506519471488178 0.21924741152835725 0.0035494900324524775 0.005795085767269344
1 0.5015936485859991 0.1996085097615 0.017747450162262444 0.03786122701282645
2 0.4838824177097821 0.19078710142687888 0.004491191469633785 0.007598001339308709
0 0.4889893370421882 0.1808066759388039 0.021948887343532657 0.03657343017565548
1 0.4601587853500232 0.16799309740895274 0.016733310152990257 0.0361870911245042
1 0.4446207116365322 0.17900376036676452 0.020572554473806192 0.040694380054602575
2 0.44255621233194253 0.19117344047803017 0.005867524339360249 0.009916035646216468
2 0.41883257997218354 0.15041467058156904 0.008692628650903996 0.016226240148354203
3 0.41419651135836816 0.156982434451141 0.019703291608715822 0.03786122701282645
0 0.42397571859063515 0.1700535723484263 0.027236903106165992 0.04056560037088548
