0 0.7213541666666666 0.1881091617933723 0.04157529239766085 0.06416504223521768
3 0.5853413654618473 0.15655213446378102 0.03409471218206157 0.06470325747434182
0 0.602388721552878 0.17291387773315484 0.04852744310575628 0.07809013833110219
2 0.5873284805890227 0.22199910754127622 0.014223560910307971 0.02528633050721404
1 0.6422356091030789 0.18816004759779859 0.03283969210174031 0.07065298229956861
1 0.6684864457831324 0.17105458872527146 0.030957161981258353 0.06395954187118846
2 0.6678589357429718 0.1736575933363082 0.014223560910307971 0.024542614904060688
2 0.7092745983935742 0.21028558679161088 0.007948460508701535 0.015246169864643772
1 0.7471343708165996 0.21456195150974267 0.03681392235609107 0.07065298229956866
2 0.7558149263721552 0.20489364866874904 0.010249330655957086 0.01859289007883386
0 0.7794511378848727 0.22385839654915962 0.041206492637215555 0.06916555109326195
