0 0.3697916666666667 0.4532975958414554 0.10416666666666667 0.1575698505523066
2 0.33950631618499755 0.29584676954481337 0.013631057739257813 0.022618611653645832
0 0.46927609443664553 0.21447313096788195 0.0780221939086914 0.14417538113064235
0 0.3021769419051053 0.22616139957856793 0.07218120390908762 0.12451280838022612
2 0.49325976371765134 0.3158127678765191 0.019302177429199218 0.03243459065755208
0 0.21102887426900588 0.30953541260558803 0.07903874269005845 0.13157894736842105
0 0.23981176900584797 0.3980669265756985 0.10005482456140348 0.15594541910331375
0 0.4419773391812865 0.08658219623131903 0.05299707602339184 0.11289798570500321
2 0.4479166666666667 0.0821150097465887 0.01096491228070171 0.021117608836907078
0 0.4584247076023392 0.34892787524366475 0.10142543859649121 0.15188434048083171
