2 0.5225903614457831 0.37966681540978725 0.014851070950468543 0.023055183697753938
2 0.5391147925033466 0.3517774802915365 0.013596050870147222 0.023055183697753938
2 0.5742553547523426 0.34359660865684954 0.011504350736278469 0.018592890078833836
2 0.5959044511378848 0.34062174624423613 0.012968540829986589 0.021567752491447236
2 0.6089775769745649 0.2978580990629183 0.011504350736278469 0.02082403688829391
2 0.6491382195448459 0.2900490852298081 0.014432730923694828 0.026773761713520767
0 0.5925577309236947 0.2946973077495165 0.05229250334672031 0.11639149189349991
0 0.6326137884872823 0.23575784619961326 0.04036981258366801 0.10337646883831621
1 0.6000878514056225 0.24152164212405175 0.030538821954484638 0.06804997768853191
0 0.5207078313253012 0.32407407407407407 0.030747991967871494 0.05466309683177149
1 0.5477953480589022 0.3216569983638256 0.04476238286479249 0.0922207347910159
1 0.5540704484605087 0.28893351182507804 0.031375502008032186 0.07660270712479547
