0 0.4949744152046784 0.34080571799870046 0.04294590643274852 0.07878492527615333
2 0.5009137426900584 0.3148148148148148 0.013706140350877227 0.028427550357374938
2 0.514391447368421 0.3079109811565952 0.014163011695906391 0.024366471734892797
1 0.5178179824561403 0.3282163742690059 0.03563596491228071 0.09909031838856402
2 0.5271838450292398 0.38547758284600386 0.0187317251461988 0.030051981806367783
1 0.5292397660818714 0.2892300194931774 0.027412280701754336 0.0633528265107212
1 0.562591374269006 0.3168453541260559 0.05573830409356724 0.13320337881741384
2 0.5660179093567251 0.3586744639376218 0.01690423976608185 0.030051981806367783
0 0.5728709795321637 0.2673001949317739 0.02786915204678368 0.05360623781676413
0 0.6212993421052632 0.2936972059779077 0.07629751461988311 0.1388888888888889
2 0.5970851608187134 0.33065302144249514 0.015990497076023402 0.024366471734892745
0 0.6587627923976608 0.2096328784925276 0.0671600877192983 0.1234567901234568
1 0.6080500730994153 0.2242527615334633 0.04888523391812865 0.06497725795971411
