0 0.6212774276733398 0.20319239298502603 0.10199871063232421 0.1720250447591146
0 0.4200567722320557 0.0949536641438802 0.08009119033813476 0.12833980984157986
0 0.35381566237287915 0.39704610491201736 0.12064302065219093 0.1831435418578229
0 0.7544038591329117 0.4443632228719947 0.06593643378096013 0.15107212475633522
2 0.3626867294311523 0.32293124728732636 0.01513214111328125 0.026844618055555554
0 0.5189088444960744 0.4948443937642455 0.046041373202675234 0.15131971670327984
0 0.7145010964912281 0.32943469785575047 0.11284722222222227 0.1551332033788174
0 0.6836622807017544 0.43664717348927873 0.04203216374269007 0.0869070825211176
0 0.5443165204678363 0.4240578297595841 0.03563596491228071 0.10233918128654967
0 0.6059941520467835 0.4947205977907732 0.041118421052631624 0.07634827810266402
0 0.38486842105263164 0.26080246913580246 0.10690789473684206 0.15269655620532815
2 0.3873812134502924 0.233187134502924 0.01873172514619886 0.02923976608187136
