3 0.4113148201301186 0.14993409023259774 0.017161787217757348 0.03199812901305437
2 0.4092817164179104 0.1711421524854361 0.00580032529659397 0.010205383339711696
0 0.4204039896670493 0.16120253433686277 0.02361988136241866 0.03412425054216099
2 0.4321840317642556 0.18278266785729477 0.006637485648679646 0.012437810945273629
2 0.4498839934940681 0.18230429051324576 0.0061591083046306965 0.01148105625717564
1 0.4384635416666666 0.16837962962962966 0.015572916666666655 0.03435185185185185
1 0.4508333333333333 0.15888888888888889 0.014270833333333321 0.03037037037037038
2 0.4750260416666666 0.18550925925925926 0.006302083333333345 0.010833333333333323
2 0.4880729166666667 0.20273148148148148 0.008229166666666643 0.012129629629629624
0 0.4754947916666667 0.17009259259259257 0.018385416666666703 0.031111111111111107
1 0.48658854166666665 0.18759259259259262 0.015364583333333333 0.03296296296296296
0 0.5011197916666668 0.19236111111111112 0.01984375000000001 0.033981481481481474
