0 0.9016504287719727 0.09063169691297743 0.0671478271484375 0.18126339382595485
0 0.5839742660522461 0.25308570861816404 0.036545944213867185 0.07266023423936632
2 0.5878221971971972 0.25442108775442107 0.013920170170170228 0.02502502502502503
2 0.6410003753753754 0.23829384940496054 0.012356106106106069 0.020576131687242805
2 0.677052052052052 0.21771771771771772 0.010948448448448526 0.015015015015014996
0 0.5753096846846847 0.16321877432988544 0.03581706706706704 0.05394283172060949
0 0.6447541291291291 0.19046824602380158 0.04801676676676673 0.07007007007007007
0 0.6756443943943944 0.23023023023023023 0.033158158158158105 0.06951395840284731
0 0.6531218718718718 0.25664553442331217 0.04973723723723727 0.06840173506840172
0 0.5417605105105106 0.21465910354799245 0.04348098098098093 0.07118229340451562
0 0.5188469719719719 0.24788677566455344 0.04301176176176167 0.0697920142364587
