2 0.4432755775577558 0.2517647598093143 0.006317037953795375 0.012147048038137124
2 0.560527537128713 0.27009992665933263 0.006703795379538017 0.010313531353135322
2 0.5959803011551156 0.22368903557022368 0.01134488448844877 0.013292995966263276
0 0.5415764232673267 0.15378621195452877 0.03222978547854793 0.051338467180051334
0 0.5828950082508252 0.18014301430143012 0.043703589108910874 0.06600660066006601
0 0.5906946163366338 0.22128254492115876 0.02913572607260721 0.0662357902456912
0 0.5602696988448845 0.2510771910524386 0.0466687293729373 0.07540337367070044
0 0.48749484323432346 0.2046662999633297 0.040351691419141925 0.05913091309130915
0 0.49639026402640263 0.24660799413274662 0.03596844059405946 0.05913091309130912
0 0.4508818069306931 0.23961771177117716 0.03725763201320132 0.068986065273194
