1 0.485390625 0.16189814814814815 0.023906249999999987 0.04472222222222223
0 0.49723958333333335 0.17342592592592593 0.031666666666666704 0.05500000000000001
2 0.4903385416666667 0.20569444444444446 0.007656249999999964 0.0136111111111111
2 0.5191666666666667 0.1737037037037037 0.009583333333333322 0.015555555555555566
1 0.5228645833333334 0.1855092592592593 0.024479166666666725 0.04824074074074074
1 0.5420312499999999 0.1738888888888889 0.020729166666666642 0.044629629629629644
2 0.5413281249999999 0.20699074074074075 0.010989583333333405 0.01768518518518518
0 0.5776302083333333 0.18712962962962962 0.025989583333333382 0.044629629629629616
2 0.5840364583333333 0.20388888888888887 0.009322916666666596 0.01518518518518519
1 0.5930989583333334 0.2086111111111111 0.02223958333333324 0.04537037037037037
2 0.6021614583333333 0.22800925925925927 0.011093749999999977 0.01879629629629628
0 0.6139843749999999 0.21578703703703705 0.02776041666666664 0.04749999999999999
