2 0.65625 0.19363341443633414 0.013115875912408726 0.026358475263584747
2 0.5974186435523113 0.29720870505542035 0.00874391727493915 0.01588267099216004
2 0.5681455291970802 0.2544606650446066 0.013305961070559627 0.025006758583400943
2 0.546000608272506 0.275919167342525 0.011975364963503665 0.026020546093538828
0 0.5443848844282239 0.25919167342525 0.02965328467153281 0.05677210056772103
1 0.5662446776155717 0.25327791294944574 0.03079379562043793 0.06522032981886994
1 0.5712819343065693 0.2289470127061368 0.021859793187347994 0.05846174641795082
1 0.5934268552311435 0.2505744795890781 0.03763686131386853 0.08008921330089212
1 0.6255512469586374 0.19025412273587455 0.03459549878345503 0.05474452554744526
0 0.6006500912408759 0.21154366044876993 0.01938868613138685 0.045282508786158415
0 0.6303033759124086 0.24128142741281428 0.04486009732360105 0.0824547174912138
