0 0.4271290204678363 0.20638401559454192 0.03974780701754389 0.11208576998050683
0 0.40451388888888895 0.22262833008447042 0.018274853801169576 0.027615334632878488
1 0.41205226608187134 0.1877030539311241 0.02786915204678362 0.07147498375568549
1 0.38760964912280704 0.2149122807017544 0.031980994152046804 0.07553606237816764
1 0.3675073099415205 0.24333983105912932 0.040204678362573056 0.05116959064327491
1 0.34283625730994155 0.29775828460038983 0.03837719298245616 0.09827810266406753
0 0.37139071637426907 0.2969460688758935 0.05436769005847951 0.10802469135802466
2 0.36248172514619886 0.351364522417154 0.015533625730994179 0.020305393112410655
2 0.4033717105263158 0.33349577647823264 0.019645467836257306 0.03167641325536063
2 0.3590551900584796 0.23521767381416506 0.019645467836257306 0.03005198180636781
2 0.3841831140350877 0.19907407407407407 0.014163011695906391 0.024366471734892797
