0 0.7692936769005848 0.8195906432748538 0.3978709795321637 0.3589668615984406
2 0.9710343567251462 0.39035087719298245 0.0374634502923976 0.05116959064327484
0 0.9480217470760233 0.3037605588044185 0.10291483918128665 0.5813677712800519
0 0.7304915935672514 0.2798895386614685 0.06807383040935673 0.20386614684860296
0 0.5625913742690059 0.4240578297595841 0.04660087719298242 0.10396361273554246
0 0.6021107456140352 0.3298408057179987 0.021472953216374317 0.04061078622482131
1 0.8344298245614035 0.26811241065627034 0.1599049707602339 0.30864197530864196
1 0.6544225146198831 0.30060103963612733 0.0676169590643275 0.1770630279402209
1 0.6167306286549707 0.4037524366471734 0.10553728070175433 0.17543859649122795
1 0.5452759502923977 0.7306530214424952 0.20111476608187134 0.5368421052631579
