1 0.5111458333333333 0.1563425925925926 0.025937499999999978 0.04861111111111111
0 0.524140625 0.16902777777777778 0.03526041666666669 0.06046296296296295
2 0.5153645833333333 0.19060185185185188 0.006666666666666643 0.010277777777777773
1 0.5528125 0.18263888888888888 0.027083333333333334 0.05416666666666667
2 0.5491927083333333 0.2137037037037037 0.012760416666666666 0.022777777777777772
1 0.5749218749999999 0.1698148148148148 0.023906249999999928 0.04962962962962963
0 0.614375 0.18435185185185185 0.029062499999999977 0.05018518518518517
2 0.609765625 0.2038425925925926 0.012031249999999953 0.021574074074074086
1 0.6320572916666667 0.20703703703703702 0.025468750000000047 0.0511111111111111
0 0.6560416666666666 0.21481481481481482 0.03166666666666664 0.053703703703703705
