2 0.34466374269005845 0.44314489928525014 0.03746345029239766 0.0625406107862248
2 0.4520285087719298 0.13084795321637427 0.024671052631578937 0.04223521767381417
2 0.42050438596491235 0.19866796621182584 0.011878654970760216 0.020305393112410655
2 0.3798428362573099 0.2283138401559454 0.014619883040935673 0.027615334632878515
0 0.5717288011695907 0.22303443794671865 0.13614766081871346 0.3321962313190383
0 0.3519736842105263 0.6819363222871994 0.21198830409356723 0.38255360623781676
2 0.36248172514619886 0.7660006497725796 0.0347222222222222 0.06660168940870695
0 0.38486842105263164 0.07480506822612087 0.04385964912280702 0.09584145549057829
0 0.34489217836257313 0.13815789473684212 0.03609283625730993 0.11695906432748536
0 0.45911001461988304 0.05612410656270307 0.01690423976608185 0.055230669265756975
0 0.527640716374269 0.02322936972059781 0.037006578947368376 0.04467186484730344
1 0.428499634502924 0.05287524366471736 0.059850146198830424 0.10396361273554255
1 0.5116502192982455 0.09226770630279403 0.10370979532163739 0.18274853801169585
1 0.38486842105263164 0.1596816114359974 0.09411549707602335 0.18274853801169588
1 0.31885051169590645 0.4025341130604288 0.09457236842105263 0.17787524366471724
1 0.37755847953216376 0.4914717348927875 0.04385964912280696 0.12508122157244955
1 0.2519188596491228 0.5670077972709551 0.030153508771929793 0.08609486679662111
