2 0.4307266009852217 0.03306878306878306 0.01590722495894911 0.02691114760080277
2 0.5856937602627258 0.13843276774311253 0.023091133004926098 0.04150702426564495
2 0.5677339901477833 0.279602262360883 0.026169950738916252 0.04469987228607919
2 0.23637623152709358 0.1443623426382047 0.013598111658456495 0.02508666301769748
2 0.35940065681444994 0.06590950556467796 0.01693349753694579 0.03329684364167122
0 0.2438167077175698 0.1493796752417442 0.08441091954022989 0.14459040321109284
1 0.2979525862068966 0.06431308155446086 0.056701559934318566 0.12862616310892172
1 0.3009031198686371 0.15827403758438238 0.06824712643678162 0.16420361247947454
1 0.4325225779967159 0.2766374749133369 0.10981116584564858 0.2713920817369093
0 0.37800184729064046 0.06340083926290822 0.07825328407224953 0.12680167852581645
1 0.44996921182266014 0.06750592957489508 0.08620689655172414 0.130450647692027
0 0.5880028735632183 0.08757525998905309 0.14573070607553362 0.17423827768655353
0 0.5768421592775042 0.29214559386973177 0.16959154351395736 0.2613574165298303
