2 0.40367187499999996 0.17851851851851852 0.0048437500000000355 0.008703703703703708
2 0.41565104166666667 0.18560185185185185 0.004427083333333333 0.005648148148148143
2 0.4155208333333333 0.19189814814814815 0.006979166666666655 0.009722222222222222
2 0.43682291666666667 0.17370370370370372 0.005729166666666666 0.008888888888888884
2 0.4554947916666666 0.16185185185185186 0.003593749999999988 0.005925925925925931
2 0.47513020833333336 0.1863425925925926 0.00536458333333331 0.009351851851851873
3 0.40924479166666666 0.15356481481481482 0.018072916666666692 0.033981481481481474
0 0.41901041666666666 0.16527777777777777 0.024791666666666618 0.037777777777777785
1 0.43812500000000004 0.17425925925925925 0.01875 0.03814814814814817
1 0.4521875 0.16412037037037036 0.015625 0.0326851851851852
