2 0.4604806286549708 0.2039473684210526 0.011421783625730993 0.021117608836907078
2 0.4116652869757174 0.22682119205298013 0.012072295805739467 0.022688251165072396
2 0.41804635761589404 0.2208425312729948 0.010002759381898466 0.016862889379445693
2 0.41011313465783666 0.25119573215599705 0.012072295805739526 0.01870247731174883
2 0.38941777041942605 0.22666789305862153 0.017935982339955813 0.030966396860436635
1 0.4504690949227373 0.1760792249202845 0.028628587196468006 0.08124846701005642
0 0.47211299668874174 0.17500613195977432 0.0332850441501104 0.09749816041206771
0 0.4349475717439294 0.18497056659308314 0.018970750551876372 0.06530537159676231
0 0.42770419426048567 0.25150233014471424 0.05001379690949227 0.10025754231052246
0 0.37915631898454744 0.24506377238165314 0.02431705298013244 0.0407775324993868
1 0.4114065949227373 0.19140912435614418 0.024661975717439274 0.05488103998037772
1 0.39786837748344367 0.25088913416727987 0.03966611479028697 0.11252146185921025
