0 0.8339292526245117 0.22376895480685763 0.08830795288085938 0.13626844618055556
0 0.6115572929382325 0.17042660183376737 0.0777425765991211 0.10848422580295139
2 0.6125988960266113 0.2470828586154514 0.014713859558105469 0.025089518229166666
2 0.6506098747253418 0.37777845594618054 0.019713878631591797 0.03811306423611111
2 0.6475694444444445 0.23806042884990253 0.015533625730994179 0.025990903183885642
0 0.6553362573099416 0.26202079272254714 0.08954678362573093 0.13888888888888892
0 0.6649305555555555 0.34811565951916834 0.10599415204678368 0.1583820662768031
0 0.8760051169590642 0.3708576998050682 0.13066520467836257 0.1794996751137102
0 0.944078947368421 0.32171864847303444 0.09320175438596484 0.17381416504223524
2 0.9662372076023391 0.44436322287199476 0.014163011695906391 0.029239766081871333
