2 0.43140625 0.19143518518518518 0.008541666666666654 0.016944444444444456
3 0.442109375 0.16231481481481483 0.021614583333333333 0.03944444444444444
0 0.45307291666666666 0.17337962962962963 0.029166666666666667 0.05009259259259261
1 0.476328125 0.18583333333333332 0.021197916666666632 0.044444444444444446
1 0.492890625 0.17421296296296296 0.018593750000000023 0.039166666666666676
2 0.5003385416666667 0.17907407407407405 0.009114583333333334 0.016111111111111118
0 0.5243749999999999 0.1869444444444444 0.02374999999999995 0.04037037037037036
1 0.5383072916666667 0.20782407407407405 0.01953125 0.043055555555555555
2 0.5392447916666666 0.23726851851851852 0.007656250000000023 0.0125
0 0.556875 0.21430555555555555 0.025 0.04268518518518518
