2 0.35225387168141586 0.257866273352999 0.0191279498525074 0.03400524418223533
2 0.42035398230088494 0.2295968534906588 0.01797566371681416 0.03318584070796462
2 0.48926069321533916 0.24823828253031796 0.01935840707964598 0.03523434939364144
0 0.31376751474926245 0.26565060635857096 0.06936762536873152 0.11266797771222549
1 0.36008941740412975 0.25950508030154046 0.057844764011799416 0.13561127499180592
1 0.3648137905604719 0.20562930186823994 0.04885693215339237 0.11553588987217302
0 0.42841998525073743 0.19190429367420517 0.06498893805309731 0.11758439855784986
1 0.4862647492625368 0.15462143559488695 0.0709808259587021 0.14790232710586693
1 0.4626428834808259 0.28695509668961 0.09195243362831859 0.21427400852179615
2 0.5807522123893805 0.3328416912487709 0.022584808259587065 0.04219927892494266
0 0.5771801253687314 0.2676991150442478 0.13251290560471976 0.220829236315962
0 0.5964233038348081 0.12573746312684367 0.1184550147492626 0.17781055391674858
