2 0.6004242549668873 0.25441501103752756 0.008105684326710735 0.01287711552612215
2 0.6212920805739515 0.2278942850134903 0.00776076158940396 0.01441010546970813
2 0.617239238410596 0.31297522688251167 0.014141832229580587 0.0257542310522443
0 0.6264659216335541 0.24996934020112827 0.02431705298013244 0.06346578366445918
0 0.5511003035320088 0.29917831739023787 0.021557671081677655 0.04169732646553841
1 0.5639486754966888 0.29350625459896984 0.017935982339955813 0.049975472160902625
1 0.5711920529801324 0.2695916114790287 0.01552152317880792 0.03893794456708364
1 0.5761934326710817 0.30101790532254113 0.02379966887417228 0.06499877360804512
0 0.5939569536423842 0.25625459896983077 0.011382450331125801 0.031272994849153794
0 0.6005967163355409 0.2942727495707628 0.03294012141280357 0.06193279372087322
1 0.6069777869757175 0.25196222712779004 0.02121274834437076 0.05150846210448863
