2 0.42615204194260486 0.34363502575423105 0.01345198675496692 0.022075055187637974
2 0.42848027041942605 0.3496136865342163 0.015349061810154533 0.02606082904096149
2 0.4951365894039735 0.2703581064508217 0.020350441501103708 0.03740495462349766
2 0.5211782560706402 0.27986264410105477 0.01759105960264904 0.03188619082658817
2 0.584730270419426 0.2698982094677459 0.008450607064017627 0.016249693402011295
0 0.393901766004415 0.3076097620799607 0.04725441501103755 0.07695609516801571
1 0.42813534768211914 0.29718543046357615 0.040528421633554086 0.0953519744910473
1 0.43149834437086093 0.2625398577385332 0.03276766004415007 0.07021093941623746
0 0.46668046357615894 0.2562545989698307 0.025524282560706386 0.0815550649987736
1 0.5115204194260485 0.21869634535197446 0.03587196467991169 0.10087073828795683
1 0.4946192052980133 0.28614790286975716 0.05898178807947018 0.12785136129506994
0 0.5611030629139073 0.2616200637723817 0.07674530905077266 0.13214373313711064
0 0.5830056567328918 0.18098479273975962 0.07157146799116987 0.09964434633308804
