0 0.34945976734161377 0.4751683553059896 0.12424702644348144 0.16673194037543404
0 0.3642780303955078 0.7614540947808159 0.16595821380615233 0.20713433159722222
0 0.5875953674316406 0.25673980712890626 0.11163787841796875 0.17046407063802083
0 0.2666386842727661 0.11368459065755208 0.11419215202331542 0.172552490234375
0 0.7666899681091308 0.5861985948350694 0.10607967376708985 0.2035122341579861
2 0.38687286376953123 0.5416128370496962 0.023607444763183594 0.038379075792100696
0 0.6463902950286865 0.7557510375976563 0.1533047676086426 0.2660013834635417
0 0.720134973526001 0.40596415201822916 0.11938133239746093 0.1479034423828125
2 0.36090908050537107 0.7595409817165799 0.020095062255859376 0.036091444227430554
2 0.254203216374269 0.12394411955815464 0.02192982456140348 0.036549707602339165
2 0.7615588450292398 0.5479207277452891 0.020559210526315753 0.03817413905133201
