0 0.5760505676269532 0.2732519361707899 0.07953433990478516 0.1308592054578993
0 0.7707287788391113 0.40896504720052085 0.06398849487304688 0.12235514322916667
2 0.7611869812011719 0.34590682983398435 0.020517730712890626 0.03299933539496528
2 0.8079586029052734 0.38251571655273436 0.014113235473632812 0.023445638020833333
0 0.7094717979431152 0.25645472208658854 0.0553126335144043 0.0984375
0 0.7635147270114943 0.2944604086845466 0.0498383620689656 0.08780332056194122
0 0.8304863344051447 0.346075979516494 0.05760986066452307 0.10092890317970703
0 0.8906082529474814 0.40517446707157323 0.06631832797427653 0.11611289746337974
0 0.8796389335476957 0.4873466714302727 0.0932810825294748 0.12444920805049417
2 0.8633942926045016 0.5617780159580802 0.015239817792068658 0.02560438251756586
